//============================================================
//= rAthenaCN 脚本汉化 转自 [ www.99Max.mE ]
//============================================================

//===== rAthena Script =======================================
//= Champion Monster Spawn Script
//===== By: ==================================================
//= nanakiwurtz
//===== Current Version: =====================================
//= 1.0
//===== Compatible With: =====================================
//= rAthena Project
//===== Additional Comments: =================================
//= 1.0 First version
//============================================================

abbey02,0,0,0,0	monster	迅捷屠杀腐尸	2603,2,300000,0
gl_prison,0,0,0,0	monster	雄壮腐尸战俘	2604,2,300000,0
gld_dun04,0,0,0,0	monster	菁英腐尸首领	2605,2,300000,0
pay_dun00,0,0,0,0	monster	愤怒腐尸	2606,2,300000,0
schg_dun01,0,0,0,0	monster	狡猾扎库坦	2607,2,300000,0
prt_fild03,0,0,0,0	monster	迅捷溜溜猴	2608,2,300000,0
ayo_fild02,0,0,0,0	monster	雄壮溜溜猴	2609,2,300000,0
pay_fild06,0,0,0,0	monster	菁英森灵	2610,2,300000,0
um_fild02,0,0,0,0	monster	愤怒伍坦战士	2611,2,300000,0
mosk_dun01,0,0,0,0	monster	狡猾树林哥布灵	2612,2,300000,0
moc_fild03,0,0,0,0	monster	迅捷狼	2613,2,300000,0
gl_step,0,0,0,0	monster	雄壮风魔巫师	2614,2,300000,0
pay_fild01,0,0,0,0	monster	菁英树精	2615,2,300000,0
um_fild04,0,0,0,0	monster	愤怒狂暴野猫	2616,2,300000,0
gon_dun03,0,0,0,0	monster	狡猾妖仙女	2617,2,300000,0
gl_sew01,0,0,0,0	monster	雄壮白幽灵	2618,2,300000,0
treasure_n2,0,0,0,0	monster	菁英石斧海盗骷髅	2619,2,300000,0
gl_cas02,0,0,0,0	monster	愤怒邪骸浪人	2620,2,300000,0
gefenia04,0,0,0,0	monster	狡猾薇欧莉	2621,2,300000,0
gefenia03,0,0,0,0	monster	迅捷薇欧莉	2622,2,300000,0
gefenia02,0,0,0,0	monster	雄壮薇欧莉	2623,2,300000,0
ein_fild04,0,0,0,0	monster	菁英毒液魔	2624,2,300000,0
juperos_01,0,0,0,0	monster	愤怒褐凡娜图	2625,2,300000,0
mosk_dun03,0,0,0,0	monster	狡猾芭芭亚卡	2626,2,300000,0
ra_san01,0,0,0,0	monster	迅捷潘贝勒克	2627,2,300000,0
iz_dun01,0,0,0,0	monster	雄壮螃蟹	2628,2,300000,0
ein_fild02,0,0,0,0	monster	菁英温古力安特	2629,2,300000,0
bra_fild01,0,0,0,0	monster	愤怒巨嘴鸟	2630,2,300000,0
ma_fild01,0,0,0,0	monster	狡猾恶婴	2631,2,300000,0
prt_sewb4,0,0,0,0	monster	雄壮盗虫	2632,2,300000,0
prt_sewb3,0,0,0,0	monster	菁英盗虫	2633,2,300000,0
prt_sewb2,0,0,0,0	monster	愤怒盗虫	2634,2,300000,0
beach_dun3,0,0,0,0	monster	狡猾突变蛙	2635,2,300000,0
ein_fild03,0,0,0,0	monster	迅捷玩偶熊	2636,2,300000,0
man_fild03,0,0,0,0	monster	雄壮哒哒乔	2637,2,300000,0
mjo_dun01,0,0,0,0	monster	菁英白鼠	2638,2,300000,0
ayo_dun02,0,0,0,0	monster	愤怒塔噜安	2639,2,300000,0
gl_sew03,0,0,0,0	monster	狡猾史汀	2640,2,300000,0
lhz_fild02,0,0,0,0	monster	迅捷灰森灵	2641,2,300000,0
moc_fild13,0,0,0,0	monster	雄壮绿苍蝇	2642,2,300000,0
ve_fild07,0,0,0,0	monster	菁英石头波利	2643,2,300000,0
beach_dun2,0,0,0,0	monster	愤怒钟乳巨石怪	2644,2,300000,0
prt_fild02,0,0,0,0	monster	狡猾瓢虫	2645,2,300000,0
treasure_n1,0,0,0,0	monster	迅捷魔菇	2646,2,300000,0
tur_dun02,0,0,0,0	monster	雄壮岩石龟	2647,2,300000,0
pay_dun02,0,0,0,0	monster	菁英邪骸士兵	2648,2,300000,0
pay_dun01,0,0,0,0	monster	愤怒邪骸士兵	2649,2,300000,0
tha_t09,0,0,0,0	monster	狡猾慰劳者	2650,2,300000,0
pay_dun03,0,0,0,0	monster	迅捷鬼女	2651,2,300000,0
ice_dun02,0,0,0,0	monster	雄壮雪兽	2652,2,300000,0
pay_fild02,0,0,0,0	monster	菁英青蛇	2653,2,300000,0
ayo_fild01,0,0,0,0	monster	愤怒狸猫	2654,2,300000,0
yuno_fild06,0,0,0,0	monster	狡猾沙妖 	2655,2,300000,0
yuno_fild02,0,0,0,0	monster	迅捷沙妖	2656,2,300000,0
odin_tem02,0,0,0,0	monster	雄壮皮影魔	2657,2,300000,0
gld2_pay,0,0,0,0	monster	菁英邪骸战士长	2658,2,300000,0
gld_dun01_2,0,0,0,0	monster	愤怒邪骸战士长	2659,2,300000,0
mjo_dun03,0,0,0,0	monster	狡猾邪骸矿工	2660,2,300000,0
ice_dun01,0,0,0,0	monster	迅捷小雪兽	2661,2,300000,0
mosk_fild02,0,0,0,0	monster	雄壮黑蛇	2662,2,300000,0
mjolnir_03,0,0,0,0	monster	菁英黑蛇	2663,2,300000,0
ama_dun03,0,0,0,0	monster	愤怒火忍西怒毕	2664,2,300000,0
tha_t11,0,0,0,0	monster	狡猾安息者	2665,2,300000,0
hu_fild06,0,0,0,0	monster	迅捷贝壳魔灵	2666,2,300000,0
lhz_dun03,0,0,0,0	monster	雄壮暗●神射手	2667,2,300000,0
cmd_fild04,0,0,0,0	monster	菁英海獭	2668,2,300000,0
iz_dun05,0,0,0,0	monster	愤怒赛杜拉	2669,2,300000,0
moc_fild18,0,0,0,0	monster	狡猾蝎子	2670,2,300000,0
mjolnir_09,0,0,0,0	monster	迅捷小野猪	2671,2,300000,0
prt_maze01,0,0,0,0	monster	雄壮野猪	2672,2,300000,0
mjolnir_07,0,0,0,0	monster	菁英野猪	2673,2,300000,0
moc_fild16,0,0,0,0	monster	愤怒泥人	2674,2,300000,0
thor_v03,0,0,0,0	monster	狡猾熔岩蜥蜴	2675,2,300000,0
treasure01,0,0,0,0	monster	迅捷鬼水手骷髅	2676,2,300000,0
ra_fild12,0,0,0,0	monster	雄壮土狼	2677,2,300000,0
prt_fild00,0,0,0,0	monster	菁英罗达蛙	2678,2,300000,0
gef_fild01,0,0,0,0	monster	愤怒罗达蛙	2679,2,300000,0
prt_fild07,0,0,0,0	monster	狡猾摇滚蝗虫	2680,2,300000,0
tha_t01,0,0,0,0	monster	迅捷飞行魔书	2681,2,300000,0
c_tower1,0,0,0,0	monster	雄壮飞行魔书	2682,2,300000,0
gon_fild01,0,0,0,0	monster	菁英元宵童子	2683,2,300000,0
tha_t10,0,0,0,0	monster	愤怒代行刑者	2684,2,300000,0
tha_t08,0,0,0,0	monster	狡猾代行刑者	2685,2,300000,0
tha_t07,0,0,0,0	monster	迅捷代行刑者	2686,2,300000,0
in_sphinx2,0,0,0,0	monster	雄壮诺可伊	2687,2,300000,0
lhz_dun01,0,0,0,0	monster	菁英消防魔	2688,2,300000,0
mal_dun01,0,0,0,0	monster	狡猾红海星	2689,2,300000,0
gl_knt02,0,0,0,0	monster	迅捷幽灵剑士	2690,2,300000,0
gl_knt01,0,0,0,0	monster	雄壮幽灵剑士	2691,2,300000,0
lhz_dun02,0,0,0,0	monster	菁英暗●魔法师	2692,2,300000,0
dic_dun03,0,0,0,0	monster	愤怒尖角甲虫	2693,2,300000,0
cmd_fild07,0,0,0,0	monster	狡猾奈吉鸟	2694,2,300000,0
lhz_fild01,0,0,0,0	monster	迅捷草精	2695,2,300000,0
lhz_fild01,0,0,0,0	monster	菁英波利	2696,2,300000,0
lhz_fild01,0,0,0,0	monster	愤怒波利	2697,2,300000,0
lhz_fild01,0,0,0,0	monster	狡猾波利	2698,2,300000,0
gef_fild07,0,0,0,0	monster	迅捷波利	2699,2,300000,0
ein_fild09,0,0,0,0	monster	雄壮三叶铁甲虫	2700,2,300000,0
prt_maze03,0,0,0,0	monster	菁英波波利	2701,2,300000,0
prt_maze02,0,0,0,0	monster	愤怒波波利	2702,2,300000,0
pay_fild04,0,0,0,0	monster	狡猾波波利	2703,2,300000,0
ama_dun02,0,0,0,0	monster	迅捷牛蛙	2704,2,300000,0
mjolnir_06,0,0,0,0	monster	雄壮毒魔菇	2705,2,300000,0
odin_tem03,0,0,0,0	monster	菁英黄色等离子体	2706,2,300000,0
iz_dun00,0,0,0,0	monster	愤怒漂浮虫	2707,2,300000,0
ein_dun01,0,0,0,0	monster	狡猾矿工魔	2708,2,300000,0
bra_dun01,0,0,0,0	monster	迅捷食人鱼	2709,2,300000,0
spl_fild01,0,0,0,0	monster	雄壮黑暗捕虫堇妖	2710,2,300000,0
spl_fild02,0,0,0,0	monster	菁英捕虫堇	2711,2,300000,0
moc_fild12,0,0,0,0	monster	愤怒小鸡	2712,2,300000,0
iz_dun03,0,0,0,0	monster	狡猾剑鱼	2713,2,300000,0
gef_fild08,0,0,0,0	monster	迅捷毕帝特地龙	2714,2,300000,0
gef_fild06,0,0,0,0	monster	雄壮毕帝特地龙	2715,2,300000,0
treasure02,0,0,0,0	monster	菁英梅纳海葵	2716,2,300000,0
alde_dun03,0,0,0,0	monster	愤怒梅纳海葵	2717,2,300000,0
moc_fild02,0,0,0,0	monster	狡猾大嘴鸟	2718,2,300000,0
in_sphinx5,0,0,0,0	monster	迅捷帕莎纳	2719,2,300000,0
um_fild03,0,0,0,0	monster	雄壮苗娃佩瑞丝	2720,2,300000,0
tha_t05,0,0,0,0	monster	菁英鸮袅首领	2721,2,300000,0
gef_fild10,0,0,0,0	monster	愤怒圣诞兽人战士	2722,2,300000,0
orcsdun01,0,0,0,0	monster	狡猾阿修罗狂战士	2723,2,300000,0
orcsdun02,0,0,0,0	monster	迅捷邪骸兽人	2724,2,300000,0
gef_fild03,0,0,0,0	monster	雄壮兽人女战士	2725,2,300000,0
tha_t12,0,0,0,0	monster	菁英监视者	2726,2,300000,0
ein_fild05,0,0,0,0	monster	愤怒废气魔	2727,2,300000,0
hu_fild05,0,0,0,0	monster	狡猾红诺博斯	2728,2,300000,0
hu_fild04,0,0,0,0	monster	迅捷红诺博斯	2729,2,300000,0
hu_fild02,0,0,0,0	monster	雄壮红诺博斯	2730,2,300000,0
hu_fild01,0,0,0,0	monster	菁英红诺博斯	2731,2,300000,0
mag_dun02,0,0,0,0	monster	愤怒七彩梦魇	2732,2,300000,0
gl_chyard_,0,0,0,0	monster	狡猾被诅咒的守墓人	2733,2,180000,0
gl_cas02_,0,0,0,0	monster	迅捷被诅咒的邪骸浪人	2734,2,180000,0
man_fild01,0,0,0,0	monster	雄壮猪笼草	2735,2,300000,0
abbey03,0,0,0,0	monster	菁英行妖术者	2736,2,300000,0
xmas_dun02,0,0,0,0	monster	愤怒邪恶礼盒	2737,2,300000,0
ve_fild04,0,0,0,0	monster	狡猾邪恶噬人花	2738,2,300000,0
moc_pryd03,0,0,0,0	monster	迅捷木乃伊	2739,2,300000,0
moc_pryd02,0,0,0,0	monster	雄壮木乃伊	2740,2,300000,0
moc_fild01,0,0,0,0	monster	菁英摩卡	2741,2,300000,0
moc_fild22,0,0,0,0	monster	愤怒梦罗克分身	2742,2,300000,0
moc_fild21,0,0,0,0	monster	狡猾梦罗克分身	2743,2,300000,0
moc_fild20,0,0,0,0	monster	迅捷梦罗克分身	2744,2,300000,0
ein_fild06,0,0,0,0	monster	雄壮摩尔	2745,2,300000,0
ama_dun01,0,0,0,0	monster	菁英米雅毕	2746,2,300000,0
moc_prydn1,0,0,0,0	monster	愤怒米洛斯	2747,2,300000,0
moc_pryd05,0,0,0,0	monster	狡猾米洛斯	2748,2,300000,0
in_sphinx4,0,0,0,0	monster	迅捷米洛斯	2749,2,300000,0
ein_dun02,0,0,0,0	monster	雄壮矿石魔	2750,2,300000,0
bif_fild01,0,0,0,0	monster	菁英米米怪	2751,2,300000,0
moc_prydn2,0,0,0,0	monster	愤怒邪恶箱	2752,2,300000,0
moc_pryd06,0,0,0,0	monster	狡猾邪恶箱	2753,2,300000,0
cmd_fild09,0,0,0,0	monster	迅捷重金属蝗虫	2754,2,300000,0
ein_fild08,0,0,0,0	monster	雄壮金属波利	2755,2,300000,0
ein_fild07,0,0,0,0	monster	菁英金属波利	2756,2,300000,0
iz_dun04,0,0,0,0	monster	愤怒人鱼士兵	2757,2,300000,0
ecl_fild01,0,0,0,0	monster	狡猾彩蝶精灵	2758,2,300000,0
beach_dun,0,0,0,0	monster	迅捷米杜沙	2759,2,300000,0
mjo_dun02,0,0,0,0	monster	雄壮土拨鼠	2760,2,300000,0
gl_in01,0,0,0,0	monster	菁英傀儡娃娃	2761,2,300000,0
xmas_fild01,0,0,0,0	monster	愤怒冰波利	2762,2,300000,0
in_sphinx3,0,0,0,0	monster	狡猾马尔杜克	2763,2,300000,0
prt_maze03,0,0,0,0	monster	迅捷螳螂	2764,2,300000,0
gef_fild04,0,0,0,0	monster	雄壮曼陀罗魔花	2765,2,300000,0
ma_dun01,0,0,0,0	monster	菁英半身女妖	2766,2,300000,0
gl_dun02,0,0,0,0	monster	愤怒狂暴米诺斯	2767,2,300000,0
prt_fild09,0,0,0,0	monster	狡猾魔锅蛋	2768,2,300000,0
ve_fild03,0,0,0,0	monster	迅捷岩浆波利	2769,2,300000,0
prt_fild08,0,0,0,0	monster	雄壮疯兔	2770,2,300000,0
prt_fild01,0,0,0,0	monster	菁英疯兔	2771,2,300000,0
niflheim,0,0,0,0	monster	愤怒南瓜魂	2772,2,300000,0
spl_fild03,0,0,0,0	monster	狡猾毒黄蜂	2773,2,300000,0
nif_fild02,0,0,0,0	monster	迅捷银月魔女	2774,2,300000,0
gon_dun02,0,0,0,0	monster	雄壮猴桃木	2775,2,300000,0
new_1-3,0,0,0,0	monster	菁英小型波利	2776,2,300000,0
bif_fild02,0,0,0,0	monster	愤怒玩偶魔妖	2777,2,300000,0
lou_dun01,0,0,0,0	monster	狡猾豹皮怪	2778,2,300000,0
mosk_dun02,0,0,0,0	monster	迅捷雷斯	2779,2,300000,0
gld_dun01,0,0,0,0	monster	雄壮狂暴大脚熊	2780,2,300000,0
ayo_dun01,0,0,0,0	monster	菁英群叶猫	2781,2,300000,0
//teg_dun02,0,0,0,0	monster	[PH] ??? ?? ????	2782,2,300000,0
//teg_dun01,0,0,0,0	monster	[PH] ??? ??? ????	2783,2,300000,0
ra_fild06,0,0,0,0	monster	迅捷犬妖弓箭手	2784,2,300000,0
ra_fild05,0,0,0,0	monster	雄壮犬妖	2785,2,300000,0
thor_v02,0,0,0,0	monster	菁英敲击者	2786,2,300000,0
mjolnir_08,0,0,0,0	monster	愤怒巨象甲虫	2787,2,300000,0
thor_v01,0,0,0,0	monster	狡猾不死鸟	2788,2,300000,0
ama_fild01,0,0,0,0	monster	迅捷伞妖	2789,2,300000,0
moc_pryd04,0,0,0,0	monster	雄壮蛇女伊丝	2790,2,300000,0
ra_san02,0,0,0,0	monster	菁英依斯拉	2791,2,300000,0
gl_prison1,0,0,0,0	monster	愤怒邪恶使者	2792,2,300000,0
lou_fild01,0,0,0,0	monster	狡猾米糕	2793,2,300000,0
ice_dun03,0,0,0,0	monster	迅捷冰巨人	2794,2,300000,0
bra_dun02,0,0,0,0	monster	雄壮亚拉	2795,2,300000,0
lou_dun02,0,0,0,0	monster	菁英妖君	2796,2,300000,0
gef_dun00,0,0,0,0	monster	愤怒赤苍蝇	2797,2,300000,0
prt_fild05,0,0,0,0	monster	狡猾蜂兵	2798,2,300000,0
dic_dun01,0,0,0,0	monster	迅捷独角甲虫	2799,2,300000,0
pay_fild09,0,0,0,0	monster	雄壮锹形虫	2800,2,300000,0
ra_san03,0,0,0,0	monster	菁英异形	2801,2,300000,0
moc_fild17,0,0,0,0	monster	愤怒蚯蚓	2802,2,300000,0
ra_fild04,0,0,0,0	monster	狡猾希尔士兵	2803,2,300000,0
ra_fild03,0,0,0,0	monster	迅捷希尔队长	2804,2,300000,0
alde_dun02,0,0,0,0	monster	雄壮兽人战士长	2805,2,300000,0
yuno_fild04,0,0,0,0	monster	菁英鸟人哈比	2806,2,300000,0
yuno_fild03,0,0,0,0	monster	愤怒鸟人哈比	2807,2,300000,0
cmd_fild01,0,0,0,0	monster	狡猾绿变色龙	2808,2,300000,0
pay_fild10,0,0,0,0	monster	迅捷将军魔碑	2809,2,300000,0
yuno_fild09,0,0,0,0	monster	雄壮七彩大嘴鸟	2810,2,300000,0
yuno_fild08,0,0,0,0	monster	菁英七彩大嘴鸟	2811,2,300000,0
cmd_fild06,0,0,0,0	monster	愤怒巨石怪	2812,2,300000,0
prt_fild11,0,0,0,0	monster	狡猾刺刀哥布灵	2813,2,300000,0
gef_fild11,0,0,0,0	monster	迅捷刺刀哥布灵	2814,2,300000,0
yuno_fild11,0,0,0,0	monster	雄壮魔羌	2815,2,300000,0
yuno_fild07,0,0,0,0	monster	菁英魔羌	2816,2,300000,0
gld2_prt,0,0,0,0	monster	愤怒深渊榔头犬妖	2817,2,300000,0
gld_dun03_2,0,0,0,0	monster	狡猾深渊犬妖	2818,2,300000,0
gld2_gef,0,0,0,0	monster	迅捷深渊黑影幽灵	2819,2,300000,0
gld_dun04_2,0,0,0,0	monster	雄壮深渊魔影	2820,2,300000,0
gld_dun02,0,0,0,0	monster	菁英狂暴蜂兵	2821,2,300000,0
nameless_n,0,0,0,0	monster	愤怒绿腐尸	2822,2,300000,0
gef_dun01,0,0,0,0	monster	狡猾绿腐尸	2823,2,300000,0
yuno_fild12,0,0,0,0	monster	迅捷邪恶向日葵	2824,2,300000,0
yuno_fild01,0,0,0,0	monster	雄壮邪恶向日葵	2825,2,300000,0
glast_01,0,0,0,0	monster	菁英蝙蝠弓箭手	2826,2,300000,0
gl_sew02,0,0,0,0	monster	愤怒蝙蝠弓箭手	2827,2,300000,0
ve_fild01,0,0,0,0	monster	狡猾疯狂鬣狗	2828,2,300000,0
cmd_fild02,0,0,0,0	monster	迅捷海豹宝宝	2829,2,300000,0
tur_dun05,0,0,0,0	monster	雄壮水灵龟	2830,2,300000,0
tur_dun03,0,0,0,0	monster	菁英水灵龟	2831,2,300000,0
abyss_01,0,0,0,0	monster	愤怒红贝勒斯	2832,2,300000,0
prt_sewb1,0,0,0,0	monster	狡猾吸血蝙蝠	2833,2,300000,0
gefenia01,0,0,0,0	monster	迅捷伪天使	2834,2,300000,0
prt_fild06,0,0,0,0	monster	雄壮绿棉虫	2835,2,300000,0
pay_fild03,0,0,0,0	monster	菁英绿棉虫	2836,2,300000,0
mag_dun01,0,0,0,0	monster	愤怒爆炎蝙蝠	2837,2,300000,0
gl_church,0,0,0,0	monster	狡猾闇神官	2838,2,300000,0
prt_fild10,0,0,0,0	monster	迅捷长老树精	2839,2,300000,0
mjolnir_02,0,0,0,0	monster	雄壮长老树精	2840,2,300000,0
ra_san04,0,0,0,0	monster	菁英艾基奥	2841,2,300000,0
mjolnir_12,0,0,0,0	monster	愤怒猎蝇	2842,2,300000,0
um_fild01,0,0,0,0	monster	迅捷森林妖姬	2843,2,300000,0
ve_fild02,0,0,0,0	monster	雄壮茅膏菜	2844,2,300000,0
moc_fild07,0,0,0,0	monster	菁英土波利	2845,2,300000,0
mjolnir_04,0,0,0,0	monster	愤怒爆钻伞蜥	2846,2,300000,0
in_sphinx1,0,0,0,0	monster	狡猾红蝙蝠	2847,2,300000,0
tur_dun01,0,0,0,0	monster	迅捷刺尾蜻蜓	2848,2,300000,0
nyd_dun01,0,0,0,0	monster	雄壮飞龙	2849,2,300000,0
dic_fild02,0,0,0,0	monster	菁英狡蛛	2850,2,300000,0
pay_dun04,0,0,0,0	monster	愤怒土人	2851,2,300000,0
nif_fild01,0,0,0,0	monster	狡猾假面鬼	2852,2,300000,0
jupe_core,0,0,0,0	monster	迅捷暴风迪靡克	2853,2,300000,0
gef_dun02,0,0,0,0	monster	雄壮小恶魔	2854,2,300000,0
ra_fild01,0,0,0,0	monster	菁英沙漠之狼	2855,2,300000,0
moc_fild11,0,0,0,0	monster	愤怒沙漠之狼	2856,2,300000,0
cmd_fild08,0,0,0,0	monster	狡猾兵蚁	2857,2,300000,0
tha_t06,0,0,0,0	monster	迅捷死亡魔书	2858,2,300000,0
tha_t04,0,0,0,0	monster	雄壮死亡魔书	2859,2,300000,0
tha_t03,0,0,0,0	monster	菁英死亡魔书	2860,2,300000,0
gl_chyard,0,0,0,0	monster	愤怒暗黑祭司	2861,2,300000,0
lou_dun03,0,0,0,0	monster	狡猾舞狮	2862,2,300000,0
gef_fild05,0,0,0,0	monster	迅捷克瑞米	2863,2,300000,0
iz_dun02,0,0,0,0	monster	雄壮卡那多斯	2864,2,300000,0
xmas_dun01,0,0,0,0	monster	菁英甜饼人	2865,2,300000,0
kh_kiehl01,0,0,0,0	monster	愤怒恒量魔	2866,2,300000,0
dew_dun01,0,0,0,0	monster	狡猾科摩多龙	2867,2,300000,0
gef_fild09,0,0,0,0	monster	迅捷松鼠	2868,2,300000,0
gef_fild02,0,0,0,0	monster	雄壮松鼠	2869,2,300000,0
c_tower4,0,0,0,0	monster	菁英古钟魔	2870,2,300000,0
c_tower2,0,0,0,0	monster	愤怒古钟魔	2871,2,300000,0
gef_fild00,0,0,0,0	monster	狡猾苍蝇	2872,2,300000,0
dic_fild01,0,0,0,0	monster	迅捷突变蜈蚣	2873,2,300000,0
ecl_tdun01,0,0,0,0	monster	雄壮灰烬之影	2874,2,300000,0
lhz_dun04,0,0,0,0	monster	菁英暗●智者	2875,2,300000,0
gld_dun03,0,0,0,0	monster	愤怒狂暴绿棉虫	2876,2,300000,0
gl_cas01,0,0,0,0	monster	狡猾卡拉特小丑	2877,2,300000,0
mjolnir_01,0,0,0,0	monster	迅捷刺猬虫	2878,2,300000,0
ma_fild02,0,0,0,0	monster	雄壮傻笑独眼怪	2879,2,300000,0
odin_tem01,0,0,0,0	monster	菁英微风	2880,2,300000,0
lhz_fild03,0,0,0,0	monster	愤怒微风	2881,2,300000,0
man_fild02,0,0,0,0	monster	狡猾钸镭巨人	2882,2,300000,0
gon_dun01,0,0,0,0	monster	迅捷血蝴蝶	2883,2,300000,0
pay_fild07,0,0,0,0	monster	菁英大脚熊	2884,2,300000,0
alde_dun04,0,0,0,0	monster	愤怒巫婆	2885,2,300000,0
arug_dun01,0,0,0,0	monster	狡猾女妖首领	2886,2,300000,0
abbey01,0,0,0,0	monster	迅捷恶耗女妖	2887,2,300000,0
dew_dun02,0,0,0,0	monster	雄壮巴拿斯帕堤	2888,2,300000,0
tur_dun04,0,0,0,0	monster	菁英风灵龟	2889,2,300000,0
mjolnir_10,0,0,0,0	monster	愤怒艾斯蜘蛛	2890,2,300000,0
mjolnir_11,0,0,0,0	monster	狡猾艾吉欧蜈蚣	2891,2,300000,0
mjolnir_05,0,0,0,0	monster	迅捷艾吉欧蜈蚣	2892,2,300000,0
gl_dun01,0,0,0,0	monster	雄壮卷甲虫	2893,2,300000,0
alde_dun01,0,0,0,0	monster	菁英卷甲虫	2894,2,300000,0
juperos_02,0,0,0,0	monster	愤怒阿修罗机械战士	2895,2,300000,0
dic_dun02,0,0,0,0	monster	狡猾鹿角甲虫	2896,2,300000,0
ecl_tdun03,0,0,0,0	monster	迅捷损毁的古书	2897,2,300000,0
ecl_tdun02,0,0,0,0	monster	雄壮损毁的古书	2898,2,300000,0
gl_sew04,0,0,0,0	monster	愤怒虎蜥人	2899,2,300000,0
gld2_ald,0,0,0,0	monster	狡猾疯狂螳螂	2900,2,300000,0
gld_dun02_2,0,0,0,0	monster	迅捷疯狂螳螂	2901,2,300000,0
anthell02,0,0,0,0	monster	雄壮白蚁	2902,2,300000,0
tha_t02,0,0,0,0	monster	菁英狂暴邪恶箱	2903,2,300000,0
ra_fild08,0,0,0,0	monster	愤怒毒蛇	2904,2,300000,0
prt_fild04,0,0,0,0	monster	狡猾蜗牛	2905,2,300000,0
dew_fild01,0,0,0,0	monster	迅捷泰坦魔芋花	2906,2,300000,0
cmd_fild03,0,0,0,0	monster	雄壮鳄鱼人	2907,2,300000,0
kh_dun01,0,0,0,0	monster	菁英爱丽哲	2908,2,300000,0
kh_dun02,0,0,0,0	monster	愤怒爱丽削	2909,2,300000,0
c_tower3,0,0,0,0	monster	狡猾钟怪	2910,2,300000,0
ra_san05,0,0,0,0	monster	迅捷阿加波	2911,2,300000,0
abyss_03,0,0,0,0	monster	雄壮俄希托斯	2912,2,300000,0
abyss_02,0,0,0,0	monster	菁英俄希托斯	2913,2,300000,0
