//============================================================
//= rAthenaCN 腳本漢化 轉自 [ www.99Max.mE ]
//============================================================

//===== rAthena Script =======================================
//= Champion Monster Spawn Script
//===== By: ==================================================
//= nanakiwurtz
//===== Current Version: =====================================
//= 1.0
//===== Compatible With: =====================================
//= rAthena Project
//===== Additional Comments: =================================
//= 1.0 First version
//============================================================

abbey02,0,0,0,0	monster	迅捷屠殺腐屍	2603,2,300000,0
gl_prison,0,0,0,0	monster	雄壯腐屍戰俘	2604,2,300000,0
gld_dun04,0,0,0,0	monster	菁英腐屍首領	2605,2,300000,0
pay_dun00,0,0,0,0	monster	憤怒腐屍	2606,2,300000,0
schg_dun01,0,0,0,0	monster	狡猾扎庫坦	2607,2,300000,0
prt_fild03,0,0,0,0	monster	迅捷溜溜猴	2608,2,300000,0
ayo_fild02,0,0,0,0	monster	雄壯溜溜猴	2609,2,300000,0
pay_fild06,0,0,0,0	monster	菁英森靈	2610,2,300000,0
um_fild02,0,0,0,0	monster	憤怒伍坦戰士	2611,2,300000,0
mosk_dun01,0,0,0,0	monster	狡猾樹林哥布靈	2612,2,300000,0
moc_fild03,0,0,0,0	monster	迅捷狼	2613,2,300000,0
gl_step,0,0,0,0	monster	雄壯風魔巫師	2614,2,300000,0
pay_fild01,0,0,0,0	monster	菁英樹精	2615,2,300000,0
um_fild04,0,0,0,0	monster	憤怒狂暴野貓	2616,2,300000,0
gon_dun03,0,0,0,0	monster	狡猾妖仙女	2617,2,300000,0
gl_sew01,0,0,0,0	monster	雄壯白幽靈	2618,2,300000,0
treasure_n2,0,0,0,0	monster	菁英石斧海盜骷髏	2619,2,300000,0
gl_cas02,0,0,0,0	monster	憤怒邪骸浪人	2620,2,300000,0
gefenia04,0,0,0,0	monster	狡猾薇歐莉	2621,2,300000,0
gefenia03,0,0,0,0	monster	迅捷薇歐莉	2622,2,300000,0
gefenia02,0,0,0,0	monster	雄壯薇歐莉	2623,2,300000,0
ein_fild04,0,0,0,0	monster	菁英毒液魔	2624,2,300000,0
juperos_01,0,0,0,0	monster	憤怒褐凡娜圖	2625,2,300000,0
mosk_dun03,0,0,0,0	monster	狡猾芭芭亞卡	2626,2,300000,0
ra_san01,0,0,0,0	monster	迅捷潘貝勒克	2627,2,300000,0
iz_dun01,0,0,0,0	monster	雄壯螃蟹	2628,2,300000,0
ein_fild02,0,0,0,0	monster	菁英溫古力安特	2629,2,300000,0
bra_fild01,0,0,0,0	monster	憤怒巨嘴鳥	2630,2,300000,0
ma_fild01,0,0,0,0	monster	狡猾惡嬰	2631,2,300000,0
prt_sewb4,0,0,0,0	monster	雄壯盜蟲	2632,2,300000,0
prt_sewb3,0,0,0,0	monster	菁英盜蟲	2633,2,300000,0
prt_sewb2,0,0,0,0	monster	憤怒盜蟲	2634,2,300000,0
beach_dun3,0,0,0,0	monster	狡猾突變蛙	2635,2,300000,0
ein_fild03,0,0,0,0	monster	迅捷玩偶熊	2636,2,300000,0
man_fild03,0,0,0,0	monster	雄壯噠噠喬	2637,2,300000,0
mjo_dun01,0,0,0,0	monster	菁英白鼠	2638,2,300000,0
ayo_dun02,0,0,0,0	monster	憤怒塔嚕安	2639,2,300000,0
gl_sew03,0,0,0,0	monster	狡猾史汀	2640,2,300000,0
lhz_fild02,0,0,0,0	monster	迅捷灰森靈	2641,2,300000,0
moc_fild13,0,0,0,0	monster	雄壯綠蒼蠅	2642,2,300000,0
ve_fild07,0,0,0,0	monster	菁英石頭波利	2643,2,300000,0
beach_dun2,0,0,0,0	monster	憤怒鍾乳巨石怪	2644,2,300000,0
prt_fild02,0,0,0,0	monster	狡猾瓢蟲	2645,2,300000,0
treasure_n1,0,0,0,0	monster	迅捷魔菇	2646,2,300000,0
tur_dun02,0,0,0,0	monster	雄壯巖石龜	2647,2,300000,0
pay_dun02,0,0,0,0	monster	菁英邪骸士兵	2648,2,300000,0
pay_dun01,0,0,0,0	monster	憤怒邪骸士兵	2649,2,300000,0
tha_t09,0,0,0,0	monster	狡猾慰勞者	2650,2,300000,0
pay_dun03,0,0,0,0	monster	迅捷鬼女	2651,2,300000,0
ice_dun02,0,0,0,0	monster	雄壯雪獸	2652,2,300000,0
pay_fild02,0,0,0,0	monster	菁英青蛇	2653,2,300000,0
ayo_fild01,0,0,0,0	monster	憤怒狸貓	2654,2,300000,0
yuno_fild06,0,0,0,0	monster	狡猾沙妖 	2655,2,300000,0
yuno_fild02,0,0,0,0	monster	迅捷沙妖	2656,2,300000,0
odin_tem02,0,0,0,0	monster	雄壯皮影魔	2657,2,300000,0
gld2_pay,0,0,0,0	monster	菁英邪骸戰士長	2658,2,300000,0
gld_dun01_2,0,0,0,0	monster	憤怒邪骸戰士長	2659,2,300000,0
mjo_dun03,0,0,0,0	monster	狡猾邪骸礦工	2660,2,300000,0
ice_dun01,0,0,0,0	monster	迅捷小雪獸	2661,2,300000,0
mosk_fild02,0,0,0,0	monster	雄壯黑蛇	2662,2,300000,0
mjolnir_03,0,0,0,0	monster	菁英黑蛇	2663,2,300000,0
ama_dun03,0,0,0,0	monster	憤怒火忍西怒畢	2664,2,300000,0
tha_t11,0,0,0,0	monster	狡猾安息者	2665,2,300000,0
hu_fild06,0,0,0,0	monster	迅捷貝殼魔靈	2666,2,300000,0
lhz_dun03,0,0,0,0	monster	雄壯暗●神射手	2667,2,300000,0
cmd_fild04,0,0,0,0	monster	菁英海獺	2668,2,300000,0
iz_dun05,0,0,0,0	monster	憤怒賽杜拉	2669,2,300000,0
moc_fild18,0,0,0,0	monster	狡猾蠍子	2670,2,300000,0
mjolnir_09,0,0,0,0	monster	迅捷小野豬	2671,2,300000,0
prt_maze01,0,0,0,0	monster	雄壯野豬	2672,2,300000,0
mjolnir_07,0,0,0,0	monster	菁英野豬	2673,2,300000,0
moc_fild16,0,0,0,0	monster	憤怒泥人	2674,2,300000,0
thor_v03,0,0,0,0	monster	狡猾熔巖蜥蜴	2675,2,300000,0
treasure01,0,0,0,0	monster	迅捷鬼水手骷髏	2676,2,300000,0
ra_fild12,0,0,0,0	monster	雄壯土狼	2677,2,300000,0
prt_fild00,0,0,0,0	monster	菁英羅達蛙	2678,2,300000,0
gef_fild01,0,0,0,0	monster	憤怒羅達蛙	2679,2,300000,0
prt_fild07,0,0,0,0	monster	狡猾搖滾蝗蟲	2680,2,300000,0
tha_t01,0,0,0,0	monster	迅捷飛行魔書	2681,2,300000,0
c_tower1,0,0,0,0	monster	雄壯飛行魔書	2682,2,300000,0
gon_fild01,0,0,0,0	monster	菁英元宵童子	2683,2,300000,0
tha_t10,0,0,0,0	monster	憤怒代行刑者	2684,2,300000,0
tha_t08,0,0,0,0	monster	狡猾代行刑者	2685,2,300000,0
tha_t07,0,0,0,0	monster	迅捷代行刑者	2686,2,300000,0
in_sphinx2,0,0,0,0	monster	雄壯諾可伊	2687,2,300000,0
lhz_dun01,0,0,0,0	monster	菁英消防魔	2688,2,300000,0
mal_dun01,0,0,0,0	monster	狡猾紅海星	2689,2,300000,0
gl_knt02,0,0,0,0	monster	迅捷幽靈劍士	2690,2,300000,0
gl_knt01,0,0,0,0	monster	雄壯幽靈劍士	2691,2,300000,0
lhz_dun02,0,0,0,0	monster	菁英暗●魔法師	2692,2,300000,0
dic_dun03,0,0,0,0	monster	憤怒尖角甲蟲	2693,2,300000,0
cmd_fild07,0,0,0,0	monster	狡猾奈吉鳥	2694,2,300000,0
lhz_fild01,0,0,0,0	monster	迅捷草精	2695,2,300000,0
lhz_fild01,0,0,0,0	monster	菁英波利	2696,2,300000,0
lhz_fild01,0,0,0,0	monster	憤怒波利	2697,2,300000,0
lhz_fild01,0,0,0,0	monster	狡猾波利	2698,2,300000,0
gef_fild07,0,0,0,0	monster	迅捷波利	2699,2,300000,0
ein_fild09,0,0,0,0	monster	雄壯三葉鐵甲蟲	2700,2,300000,0
prt_maze03,0,0,0,0	monster	菁英波波利	2701,2,300000,0
prt_maze02,0,0,0,0	monster	憤怒波波利	2702,2,300000,0
pay_fild04,0,0,0,0	monster	狡猾波波利	2703,2,300000,0
ama_dun02,0,0,0,0	monster	迅捷牛蛙	2704,2,300000,0
mjolnir_06,0,0,0,0	monster	雄壯毒魔菇	2705,2,300000,0
odin_tem03,0,0,0,0	monster	菁英黃色等離子體	2706,2,300000,0
iz_dun00,0,0,0,0	monster	憤怒漂浮蟲	2707,2,300000,0
ein_dun01,0,0,0,0	monster	狡猾礦工魔	2708,2,300000,0
bra_dun01,0,0,0,0	monster	迅捷食人魚	2709,2,300000,0
spl_fild01,0,0,0,0	monster	雄壯黑暗捕蟲堇妖	2710,2,300000,0
spl_fild02,0,0,0,0	monster	菁英捕蟲堇	2711,2,300000,0
moc_fild12,0,0,0,0	monster	憤怒小雞	2712,2,300000,0
iz_dun03,0,0,0,0	monster	狡猾劍魚	2713,2,300000,0
gef_fild08,0,0,0,0	monster	迅捷畢帝特地龍	2714,2,300000,0
gef_fild06,0,0,0,0	monster	雄壯畢帝特地龍	2715,2,300000,0
treasure02,0,0,0,0	monster	菁英梅納海葵	2716,2,300000,0
alde_dun03,0,0,0,0	monster	憤怒梅納海葵	2717,2,300000,0
moc_fild02,0,0,0,0	monster	狡猾大嘴鳥	2718,2,300000,0
in_sphinx5,0,0,0,0	monster	迅捷帕莎納	2719,2,300000,0
um_fild03,0,0,0,0	monster	雄壯苗娃佩瑞絲	2720,2,300000,0
tha_t05,0,0,0,0	monster	菁英鴞嫋首領	2721,2,300000,0
gef_fild10,0,0,0,0	monster	憤怒聖誕獸人戰士	2722,2,300000,0
orcsdun01,0,0,0,0	monster	狡猾阿修羅狂戰士	2723,2,300000,0
orcsdun02,0,0,0,0	monster	迅捷邪骸獸人	2724,2,300000,0
gef_fild03,0,0,0,0	monster	雄壯獸人女戰士	2725,2,300000,0
tha_t12,0,0,0,0	monster	菁英監視者	2726,2,300000,0
ein_fild05,0,0,0,0	monster	憤怒廢氣魔	2727,2,300000,0
hu_fild05,0,0,0,0	monster	狡猾紅諾博斯	2728,2,300000,0
hu_fild04,0,0,0,0	monster	迅捷紅諾博斯	2729,2,300000,0
hu_fild02,0,0,0,0	monster	雄壯紅諾博斯	2730,2,300000,0
hu_fild01,0,0,0,0	monster	菁英紅諾博斯	2731,2,300000,0
mag_dun02,0,0,0,0	monster	憤怒七彩夢魘	2732,2,300000,0
gl_chyard_,0,0,0,0	monster	狡猾被詛咒的守墓人	2733,2,180000,0
gl_cas02_,0,0,0,0	monster	迅捷被詛咒的邪骸浪人	2734,2,180000,0
man_fild01,0,0,0,0	monster	雄壯豬籠草	2735,2,300000,0
abbey03,0,0,0,0	monster	菁英行妖術者	2736,2,300000,0
xmas_dun02,0,0,0,0	monster	憤怒邪惡禮盒	2737,2,300000,0
ve_fild04,0,0,0,0	monster	狡猾邪惡噬人花	2738,2,300000,0
moc_pryd03,0,0,0,0	monster	迅捷木乃伊	2739,2,300000,0
moc_pryd02,0,0,0,0	monster	雄壯木乃伊	2740,2,300000,0
moc_fild01,0,0,0,0	monster	菁英摩卡	2741,2,300000,0
moc_fild22,0,0,0,0	monster	憤怒夢羅克分身	2742,2,300000,0
moc_fild21,0,0,0,0	monster	狡猾夢羅克分身	2743,2,300000,0
moc_fild20,0,0,0,0	monster	迅捷夢羅克分身	2744,2,300000,0
ein_fild06,0,0,0,0	monster	雄壯摩爾	2745,2,300000,0
ama_dun01,0,0,0,0	monster	菁英米雅畢	2746,2,300000,0
moc_prydn1,0,0,0,0	monster	憤怒米洛斯	2747,2,300000,0
moc_pryd05,0,0,0,0	monster	狡猾米洛斯	2748,2,300000,0
in_sphinx4,0,0,0,0	monster	迅捷米洛斯	2749,2,300000,0
ein_dun02,0,0,0,0	monster	雄壯礦石魔	2750,2,300000,0
bif_fild01,0,0,0,0	monster	菁英米米怪	2751,2,300000,0
moc_prydn2,0,0,0,0	monster	憤怒邪惡箱	2752,2,300000,0
moc_pryd06,0,0,0,0	monster	狡猾邪惡箱	2753,2,300000,0
cmd_fild09,0,0,0,0	monster	迅捷重金屬蝗蟲	2754,2,300000,0
ein_fild08,0,0,0,0	monster	雄壯金屬波利	2755,2,300000,0
ein_fild07,0,0,0,0	monster	菁英金屬波利	2756,2,300000,0
iz_dun04,0,0,0,0	monster	憤怒人魚士兵	2757,2,300000,0
ecl_fild01,0,0,0,0	monster	狡猾彩蝶精靈	2758,2,300000,0
beach_dun,0,0,0,0	monster	迅捷米杜沙	2759,2,300000,0
mjo_dun02,0,0,0,0	monster	雄壯土撥鼠	2760,2,300000,0
gl_in01,0,0,0,0	monster	菁英傀儡娃娃	2761,2,300000,0
xmas_fild01,0,0,0,0	monster	憤怒冰波利	2762,2,300000,0
in_sphinx3,0,0,0,0	monster	狡猾馬爾杜克	2763,2,300000,0
prt_maze03,0,0,0,0	monster	迅捷螳螂	2764,2,300000,0
gef_fild04,0,0,0,0	monster	雄壯曼陀羅魔花	2765,2,300000,0
ma_dun01,0,0,0,0	monster	菁英半身女妖	2766,2,300000,0
gl_dun02,0,0,0,0	monster	憤怒狂暴米諾斯	2767,2,300000,0
prt_fild09,0,0,0,0	monster	狡猾魔鍋蛋	2768,2,300000,0
ve_fild03,0,0,0,0	monster	迅捷巖漿波利	2769,2,300000,0
prt_fild08,0,0,0,0	monster	雄壯瘋兔	2770,2,300000,0
prt_fild01,0,0,0,0	monster	菁英瘋兔	2771,2,300000,0
niflheim,0,0,0,0	monster	憤怒南瓜魂	2772,2,300000,0
spl_fild03,0,0,0,0	monster	狡猾毒黃蜂	2773,2,300000,0
nif_fild02,0,0,0,0	monster	迅捷銀月魔女	2774,2,300000,0
gon_dun02,0,0,0,0	monster	雄壯猴桃木	2775,2,300000,0
new_1-3,0,0,0,0	monster	菁英小型波利	2776,2,300000,0
bif_fild02,0,0,0,0	monster	憤怒玩偶魔妖	2777,2,300000,0
lou_dun01,0,0,0,0	monster	狡猾豹皮怪	2778,2,300000,0
mosk_dun02,0,0,0,0	monster	迅捷雷斯	2779,2,300000,0
gld_dun01,0,0,0,0	monster	雄壯狂暴大腳熊	2780,2,300000,0
ayo_dun01,0,0,0,0	monster	菁英群葉貓	2781,2,300000,0
//teg_dun02,0,0,0,0	monster	[PH] ??? ?? ????	2782,2,300000,0
//teg_dun01,0,0,0,0	monster	[PH] ??? ??? ????	2783,2,300000,0
ra_fild06,0,0,0,0	monster	迅捷犬妖弓箭手	2784,2,300000,0
ra_fild05,0,0,0,0	monster	雄壯犬妖	2785,2,300000,0
thor_v02,0,0,0,0	monster	菁英敲擊者	2786,2,300000,0
mjolnir_08,0,0,0,0	monster	憤怒巨象甲蟲	2787,2,300000,0
thor_v01,0,0,0,0	monster	狡猾不死鳥	2788,2,300000,0
ama_fild01,0,0,0,0	monster	迅捷傘妖	2789,2,300000,0
moc_pryd04,0,0,0,0	monster	雄壯蛇女伊絲	2790,2,300000,0
ra_san02,0,0,0,0	monster	菁英依斯拉	2791,2,300000,0
gl_prison1,0,0,0,0	monster	憤怒邪惡使者	2792,2,300000,0
lou_fild01,0,0,0,0	monster	狡猾米糕	2793,2,300000,0
ice_dun03,0,0,0,0	monster	迅捷冰巨人	2794,2,300000,0
bra_dun02,0,0,0,0	monster	雄壯亞拉	2795,2,300000,0
lou_dun02,0,0,0,0	monster	菁英妖君	2796,2,300000,0
gef_dun00,0,0,0,0	monster	憤怒赤蒼蠅	2797,2,300000,0
prt_fild05,0,0,0,0	monster	狡猾蜂兵	2798,2,300000,0
dic_dun01,0,0,0,0	monster	迅捷獨角甲蟲	2799,2,300000,0
pay_fild09,0,0,0,0	monster	雄壯鍬形蟲	2800,2,300000,0
ra_san03,0,0,0,0	monster	菁英異形	2801,2,300000,0
moc_fild17,0,0,0,0	monster	憤怒蚯蚓	2802,2,300000,0
ra_fild04,0,0,0,0	monster	狡猾希爾士兵	2803,2,300000,0
ra_fild03,0,0,0,0	monster	迅捷希爾隊長	2804,2,300000,0
alde_dun02,0,0,0,0	monster	雄壯獸人戰士長	2805,2,300000,0
yuno_fild04,0,0,0,0	monster	菁英鳥人哈比	2806,2,300000,0
yuno_fild03,0,0,0,0	monster	憤怒鳥人哈比	2807,2,300000,0
cmd_fild01,0,0,0,0	monster	狡猾綠變色龍	2808,2,300000,0
pay_fild10,0,0,0,0	monster	迅捷將軍魔碑	2809,2,300000,0
yuno_fild09,0,0,0,0	monster	雄壯七彩大嘴鳥	2810,2,300000,0
yuno_fild08,0,0,0,0	monster	菁英七彩大嘴鳥	2811,2,300000,0
cmd_fild06,0,0,0,0	monster	憤怒巨石怪	2812,2,300000,0
prt_fild11,0,0,0,0	monster	狡猾刺刀哥布靈	2813,2,300000,0
gef_fild11,0,0,0,0	monster	迅捷刺刀哥布靈	2814,2,300000,0
yuno_fild11,0,0,0,0	monster	雄壯魔羌	2815,2,300000,0
yuno_fild07,0,0,0,0	monster	菁英魔羌	2816,2,300000,0
gld2_prt,0,0,0,0	monster	憤怒深淵榔頭犬妖	2817,2,300000,0
gld_dun03_2,0,0,0,0	monster	狡猾深淵犬妖	2818,2,300000,0
gld2_gef,0,0,0,0	monster	迅捷深淵黑影幽靈	2819,2,300000,0
gld_dun04_2,0,0,0,0	monster	雄壯深淵魔影	2820,2,300000,0
gld_dun02,0,0,0,0	monster	菁英狂暴蜂兵	2821,2,300000,0
nameless_n,0,0,0,0	monster	憤怒綠腐屍	2822,2,300000,0
gef_dun01,0,0,0,0	monster	狡猾綠腐屍	2823,2,300000,0
yuno_fild12,0,0,0,0	monster	迅捷邪惡向日葵	2824,2,300000,0
yuno_fild01,0,0,0,0	monster	雄壯邪惡向日葵	2825,2,300000,0
glast_01,0,0,0,0	monster	菁英蝙蝠弓箭手	2826,2,300000,0
gl_sew02,0,0,0,0	monster	憤怒蝙蝠弓箭手	2827,2,300000,0
ve_fild01,0,0,0,0	monster	狡猾瘋狂鬣狗	2828,2,300000,0
cmd_fild02,0,0,0,0	monster	迅捷海豹寶寶	2829,2,300000,0
tur_dun05,0,0,0,0	monster	雄壯水靈龜	2830,2,300000,0
tur_dun03,0,0,0,0	monster	菁英水靈龜	2831,2,300000,0
abyss_01,0,0,0,0	monster	憤怒紅貝勒斯	2832,2,300000,0
prt_sewb1,0,0,0,0	monster	狡猾吸血蝙蝠	2833,2,300000,0
gefenia01,0,0,0,0	monster	迅捷偽天使	2834,2,300000,0
prt_fild06,0,0,0,0	monster	雄壯綠棉蟲	2835,2,300000,0
pay_fild03,0,0,0,0	monster	菁英綠棉蟲	2836,2,300000,0
mag_dun01,0,0,0,0	monster	憤怒爆炎蝙蝠	2837,2,300000,0
gl_church,0,0,0,0	monster	狡猾闇神官	2838,2,300000,0
prt_fild10,0,0,0,0	monster	迅捷長老樹精	2839,2,300000,0
mjolnir_02,0,0,0,0	monster	雄壯長老樹精	2840,2,300000,0
ra_san04,0,0,0,0	monster	菁英艾基奧	2841,2,300000,0
mjolnir_12,0,0,0,0	monster	憤怒獵蠅	2842,2,300000,0
um_fild01,0,0,0,0	monster	迅捷森林妖姬	2843,2,300000,0
ve_fild02,0,0,0,0	monster	雄壯茅膏菜	2844,2,300000,0
moc_fild07,0,0,0,0	monster	菁英土波利	2845,2,300000,0
mjolnir_04,0,0,0,0	monster	憤怒爆鑽傘蜥	2846,2,300000,0
in_sphinx1,0,0,0,0	monster	狡猾紅蝙蝠	2847,2,300000,0
tur_dun01,0,0,0,0	monster	迅捷刺尾蜻蜓	2848,2,300000,0
nyd_dun01,0,0,0,0	monster	雄壯飛龍	2849,2,300000,0
dic_fild02,0,0,0,0	monster	菁英狡蛛	2850,2,300000,0
pay_dun04,0,0,0,0	monster	憤怒土人	2851,2,300000,0
nif_fild01,0,0,0,0	monster	狡猾假面鬼	2852,2,300000,0
jupe_core,0,0,0,0	monster	迅捷暴風迪靡克	2853,2,300000,0
gef_dun02,0,0,0,0	monster	雄壯小惡魔	2854,2,300000,0
ra_fild01,0,0,0,0	monster	菁英沙漠之狼	2855,2,300000,0
moc_fild11,0,0,0,0	monster	憤怒沙漠之狼	2856,2,300000,0
cmd_fild08,0,0,0,0	monster	狡猾兵蟻	2857,2,300000,0
tha_t06,0,0,0,0	monster	迅捷死亡魔書	2858,2,300000,0
tha_t04,0,0,0,0	monster	雄壯死亡魔書	2859,2,300000,0
tha_t03,0,0,0,0	monster	菁英死亡魔書	2860,2,300000,0
gl_chyard,0,0,0,0	monster	憤怒暗黑祭司	2861,2,300000,0
lou_dun03,0,0,0,0	monster	狡猾舞獅	2862,2,300000,0
gef_fild05,0,0,0,0	monster	迅捷克瑞米	2863,2,300000,0
iz_dun02,0,0,0,0	monster	雄壯卡那多斯	2864,2,300000,0
xmas_dun01,0,0,0,0	monster	菁英甜餅人	2865,2,300000,0
kh_kiehl01,0,0,0,0	monster	憤怒恆量魔	2866,2,300000,0
dew_dun01,0,0,0,0	monster	狡猾科摩多龍	2867,2,300000,0
gef_fild09,0,0,0,0	monster	迅捷松鼠	2868,2,300000,0
gef_fild02,0,0,0,0	monster	雄壯松鼠	2869,2,300000,0
c_tower4,0,0,0,0	monster	菁英古鐘魔	2870,2,300000,0
c_tower2,0,0,0,0	monster	憤怒古鐘魔	2871,2,300000,0
gef_fild00,0,0,0,0	monster	狡猾蒼蠅	2872,2,300000,0
dic_fild01,0,0,0,0	monster	迅捷突變蜈蚣	2873,2,300000,0
ecl_tdun01,0,0,0,0	monster	雄壯灰燼之影	2874,2,300000,0
lhz_dun04,0,0,0,0	monster	菁英暗●智者	2875,2,300000,0
gld_dun03,0,0,0,0	monster	憤怒狂暴綠棉蟲	2876,2,300000,0
gl_cas01,0,0,0,0	monster	狡猾卡拉特小丑	2877,2,300000,0
mjolnir_01,0,0,0,0	monster	迅捷刺蝟蟲	2878,2,300000,0
ma_fild02,0,0,0,0	monster	雄壯傻笑獨眼怪	2879,2,300000,0
odin_tem01,0,0,0,0	monster	菁英微風	2880,2,300000,0
lhz_fild03,0,0,0,0	monster	憤怒微風	2881,2,300000,0
man_fild02,0,0,0,0	monster	狡猾鈽鐳巨人	2882,2,300000,0
gon_dun01,0,0,0,0	monster	迅捷血蝴蝶	2883,2,300000,0
pay_fild07,0,0,0,0	monster	菁英大腳熊	2884,2,300000,0
alde_dun04,0,0,0,0	monster	憤怒巫婆	2885,2,300000,0
arug_dun01,0,0,0,0	monster	狡猾女妖首領	2886,2,300000,0
abbey01,0,0,0,0	monster	迅捷惡耗女妖	2887,2,300000,0
dew_dun02,0,0,0,0	monster	雄壯巴拿斯帕堤	2888,2,300000,0
tur_dun04,0,0,0,0	monster	菁英風靈龜	2889,2,300000,0
mjolnir_10,0,0,0,0	monster	憤怒艾斯蜘蛛	2890,2,300000,0
mjolnir_11,0,0,0,0	monster	狡猾艾吉歐蜈蚣	2891,2,300000,0
mjolnir_05,0,0,0,0	monster	迅捷艾吉歐蜈蚣	2892,2,300000,0
gl_dun01,0,0,0,0	monster	雄壯卷甲蟲	2893,2,300000,0
alde_dun01,0,0,0,0	monster	菁英卷甲蟲	2894,2,300000,0
juperos_02,0,0,0,0	monster	憤怒阿修羅機械戰士	2895,2,300000,0
dic_dun02,0,0,0,0	monster	狡猾鹿角甲蟲	2896,2,300000,0
ecl_tdun03,0,0,0,0	monster	迅捷損毀的古書	2897,2,300000,0
ecl_tdun02,0,0,0,0	monster	雄壯損毀的古書	2898,2,300000,0
gl_sew04,0,0,0,0	monster	憤怒虎蜥人	2899,2,300000,0
gld2_ald,0,0,0,0	monster	狡猾瘋狂螳螂	2900,2,300000,0
gld_dun02_2,0,0,0,0	monster	迅捷瘋狂螳螂	2901,2,300000,0
anthell02,0,0,0,0	monster	雄壯白蟻	2902,2,300000,0
tha_t02,0,0,0,0	monster	菁英狂暴邪惡箱	2903,2,300000,0
ra_fild08,0,0,0,0	monster	憤怒毒蛇	2904,2,300000,0
prt_fild04,0,0,0,0	monster	狡猾蝸牛	2905,2,300000,0
dew_fild01,0,0,0,0	monster	迅捷泰坦魔芋花	2906,2,300000,0
cmd_fild03,0,0,0,0	monster	雄壯鱷魚人	2907,2,300000,0
kh_dun01,0,0,0,0	monster	菁英愛麗哲	2908,2,300000,0
kh_dun02,0,0,0,0	monster	憤怒愛麗削	2909,2,300000,0
c_tower3,0,0,0,0	monster	狡猾鍾怪	2910,2,300000,0
ra_san05,0,0,0,0	monster	迅捷阿加波	2911,2,300000,0
abyss_03,0,0,0,0	monster	雄壯俄希託斯	2912,2,300000,0
abyss_02,0,0,0,0	monster	菁英俄希託斯	2913,2,300000,0
