//============================================================
//= rAthenaCN 脚本汉化 转自 [ www.99Max.mE ]
//============================================================

//===== rAthena Script =======================================
//= Abbey Dungeon Monster Spawn Script
//===== By: ==================================================
//= $ephiroth
//===== Current Version: =====================================
//= 1.2
//===== Compatible With: =====================================
//= rAthena Project
//===== Additional Comments: =================================
//= 1.0 Initial version [$ephiroth]
//= 1.1 Updated spawns [Playtester]
//= 1.2 More official spawns [Playtester]
//============================================================

// Nameless Island
nameless_n,93,211,51,62	monster	腐尸虐杀者	1864,3,15000,0,1
nameless_n,93,211,51,62	monster	邋遢腐尸	1865,3,15000,0,1
nameless_n,93,211,51,62	monster	地狱卷毛犬	1866,5,15000,0,1
nameless_n,93,211,51,62	monster	死亡女妖	1867,4,15000,0,1
nameless_n,93,211,51,62	monster	火炎头骨	1869,1,30000,0,1
nameless_n,93,211,51,62	monster	绿腐尸	1036,10,30000,0,1
nameless_n,204,225,57,70	monster	腐尸虐杀者	1864,5,15000,0,1
nameless_n,204,225,57,70	monster	邋遢腐尸	1865,5,15000,0,1
nameless_n,204,225,57,70	monster	地狱卷毛犬	1866,5,15000,0,1
nameless_n,204,225,57,70	monster	死亡女妖	1867,4,15000,0,1
nameless_n,204,225,57,70	monster	火炎头骨	1869,1,30000,0,1
nameless_n,204,225,57,70	monster	绿腐尸	1036,10,30000,0,1
nameless_n,127,103,59,46	monster	腐尸虐杀者	1864,2,15000,0,1
nameless_n,127,103,59,46	monster	邋遢腐尸	1865,2,15000,0,1
nameless_n,127,103,59,46	monster	地狱卷毛犬	1866,5,15000,0,1
nameless_n,127,103,59,46	monster	死亡女妖	1867,4,15000,0,1
nameless_n,127,103,59,46	monster	火炎头骨	1869,1,30000,0,1
nameless_n,127,103,59,46	monster	绿腐尸	1036,10,30000,0,1
nameless_n,234,95,40,58	monster	腐尸虐杀者	1864,2,15000,0,1
nameless_n,234,95,40,58	monster	邋遢腐尸	1865,2,15000,0,1
nameless_n,234,95,40,58	monster	地狱卷毛犬	1866,2,15000,0,1
nameless_n,234,95,40,58	monster	死亡女妖	1867,4,15000,0,1
nameless_n,234,95,40,58	monster	绿腐尸	1036,10,30000,0,1

// Cursed Abbey Dungeon 1
abbey01,0,0,0,0	monster	死亡女妖	1867,30,5000,0,1
abbey01,97,270,87,87	monster	死亡女妖	1867,30,5000,0,1
abbey01,97,270,87,87	monster	地狱卷毛犬	1866,15,5000,0,1
abbey01,97,270,87,87	monster	腐尸虐杀者	1864,10,5000,0,1
abbey01,97,270,87,87	monster	邋遢腐尸	1865,10,5000,0,1
abbey01,97,270,87,87	monster	火炎头骨	1869,9,5000,0,1
abbey01,97,270,87,87	monster	绿腐尸	1036,10,5000,0,1
abbey01,250,370,49,50	monster	死亡女妖	1867,3,5000,0,1
abbey01,250,370,49,50	monster	地狱卷毛犬	1866,2,5000,0,1
abbey01,250,370,49,50	monster	腐尸虐杀者	1864,3,5000,0,1
abbey01,250,370,49,50	monster	邋遢腐尸	1865,3,5000,0,1
abbey01,250,370,49,50	monster	火炎头骨	1869,2,5000,0,1
abbey01,250,370,49,50	monster	绿腐尸	1036,4,5000,0,1
abbey01,374,207,39,100	monster	死亡女妖	1867,3,5000,0,1
abbey01,374,207,39,100	monster	地狱卷毛犬	1866,1,5000,0,1
abbey01,374,207,39,100	monster	腐尸虐杀者	1864,1,5000,0,1
abbey01,374,207,39,100	monster	邋遢腐尸	1865,2,5000,0,1
abbey01,374,207,39,100	monster	火炎头骨	1869,1,5000,0,1
abbey01,374,207,39,100	monster	绿腐尸	1036,4,5000,0,1
abbey01,283,283,99,100	monster	死亡女妖	1867,10,5000,0,1
abbey01,283,283,99,100	monster	地狱卷毛犬	1866,5,5000,0,1
abbey01,283,283,99,100	monster	腐尸虐杀者	1864,7,5000,0,1
abbey01,283,283,99,100	monster	邋遢腐尸	1865,7,5000,0,1
abbey01,283,283,99,100	monster	火炎头骨	1869,3,5000,0,1
abbey01,283,283,99,100	monster	绿腐尸	1036,10,5000,0,1
abbey01,71,67,64,58	monster	死亡女妖	1867,3,5000,0,1
abbey01,71,67,64,58	monster	腐尸虐杀者	1864,3,5000,0,1
abbey01,71,67,64,58	monster	邋遢腐尸	1865,3,5000,0,1
abbey01,71,67,64,58	monster	火炎头骨	1869,1,5000,0,1
abbey01,71,67,64,58	monster	绿腐尸	1036,10,5000,0,1
abbey01,71,67,64,58	monster	腐尸虐杀者	1864,4,5000,0,1
abbey01,71,67,64,58	monster	邋遢腐尸	1865,4,5000,0,1
abbey01,71,67,64,58	monster	火炎头骨	1869,3,5000,0,1
abbey01,71,67,64,58	monster	绿腐尸	1036,10,5000,0,1
abbey01,260,70,35,30	monster	死亡女妖	1867,7,5000,0,1
abbey01,260,70,35,30	monster	地狱卷毛犬	1866,1,5000,0,1
abbey01,260,70,35,30	monster	腐尸虐杀者	1864,1,5000,0,1
abbey01,260,70,35,30	monster	邋遢腐尸	1865,2,5000,0,1
abbey01,260,70,35,30	monster	火炎头骨	1869,1,5000,0,1
abbey01,260,70,35,30	monster	绿腐尸	1036,4,5000,0,1
abbey01,260,100,35,30	monster	死亡女妖	1867,7,5000,0,1
abbey01,260,100,35,30	monster	地狱卷毛犬	1866,1,5000,0,1
abbey01,260,100,35,30	monster	腐尸虐杀者	1864,1,5000,0,1
abbey01,260,100,35,30	monster	邋遢腐尸	1865,2,5000,0,1
abbey01,260,100,35,30	monster	火炎头骨	1869,1,5000,0,1
abbey01,260,100,35,30	monster	绿腐尸	1036,4,5000,0,1

// Cursed Abbey Dungeon 2
abbey02,150,66,36,64	monster	腐尸虐杀者	1864,30,60000,0,1
abbey02,150,66,36,64	monster	邋遢腐尸	1865,10,5000,0,1
abbey02,150,66,36,64	monster	火炎头骨	1869,3,5000,0,1
abbey02,150,66,36,64	monster	降灵术师	1870,1,5000,0,1
abbey02,67,75,46,54	monster	腐尸虐杀者	1864,30,124000,0,1
abbey02,67,75,46,54	monster	邋遢腐尸	1865,10,5000,0,1
abbey02,67,75,46,54	monster	火炎头骨	1869,3,5000,0,1
abbey02,67,75,46,54	monster	降灵术师	1870,1,5000,0,1
abbey02,232,76,46,54	monster	腐尸虐杀者	1864,30,63000,0,1
abbey02,232,76,46,54	monster	邋遢腐尸	1865,10,5000,0,1
abbey02,232,76,46,54	monster	火炎头骨	1869,3,5000,0,1
abbey02,232,76,46,54	monster	降灵术师	1870,1,5000,0,1
abbey02,236,78,21,18	monster	堕落主教希巴姆	1871,1,7200000,600000,1
abbey02,150,153,142,23	monster	腐尸虐杀者	1864,30,122000,0,1
abbey02,150,153,142,23	monster	邋遢腐尸	1865,10,5000,0,1
abbey02,150,153,142,23	monster	火炎头骨	1869,3,5000,0,1
abbey02,150,153,142,23	monster	降灵术师	1870,1,5000,0,1
abbey02,68,220,46,58	monster	腐尸虐杀者	1864,30,6000,0,1
abbey02,68,220,46,58	monster	邋遢腐尸	1865,10,5000,0,1
abbey02,68,220,46,58	monster	火炎头骨	1869,3,5000,0,1
abbey02,68,220,46,58	monster	降灵术师	1870,1,5000,0,1
abbey02,150,240,35,44	monster	腐尸虐杀者	1864,30,120000,0,1
abbey02,150,240,35,44	monster	邋遢腐尸	1865,10,5000,0,1
abbey02,150,240,35,44	monster	火炎头骨	1869,3,5000,0,1
abbey02,150,240,35,44	monster	降灵术师	1870,1,5000,0,1
abbey02,232,220,46,58	monster	腐尸虐杀者	1864,30,60000,0,1
abbey02,232,220,46,58	monster	邋遢腐尸	1865,10,5000,0,1
abbey02,232,220,46,58	monster	火炎头骨	1869,3,5000,0,1
abbey02,232,220,46,58	monster	降灵术师	1870,1,5000,0,1

// Cursed Abbey Dungeon 3
abbey03,0,0,0,0	boss_monster	诅咒蝇	1873,1,43200000,600000,1
abbey03,120,212,116,24	monster	降灵术师	1870,10,5000,0,1
abbey03,120,212,116,24	monster	死亡女妖	1867,10,5000,0,1
abbey03,120,212,116,24	monster	火炎头骨	1869,5,5000,0,1
abbey03,122,152,111,36	monster	降灵术师	1870,20,5000,0,1
abbey03,122,152,111,36	monster	死亡女妖	1867,10,5000,0,1
abbey03,122,152,111,36	monster	火炎头骨	1869,10,5000,0,1
abbey03,120,64,117,53	monster	降灵术师	1870,30,5000,0,1
abbey03,120,64,117,53	monster	死亡女妖	1867,10,5000,0,1
abbey03,120,64,117,53	monster	火炎头骨	1869,10,5000,0,1
